knight at e5
00000000
00010100
00100010
0000N000
00100010
00010100
00000000
00000000

  0000 0000 0001 0100 0010 0010 0000 0000 0010 0010 0001 0100 0000 0000 0000 0000
0x0    0    1    4    2    2    0    0    2    2    1    4    0    0    0    0
0x0014220022140000ull

e5+x = p0


king at e5
00000000
00000000
00011100
0001K100
00011100
00000000
00000000
00000000

  0000 0000 0000 0000 0001 1100 0001 0100 0001 1100 0000 0000 0000 0000 0000 0000
0x0    0    0    0    1    c    1    4    1    c    0    0    0    0    0    0
0x00001c141c000000

e5+x = p0







